image_width: 1600
image_height: 1200
camera_name: camera
camera_matrix:
  rows: 3
  cols: 3
  data: [2379.692159, 0, 810.664016, 0, 2364.724193, 565.047935, 0, 0, 1]
distortion_model: plumb_bob
distortion_coefficients:
  rows: 1
  cols: 5
  data: [-0.125793, 0.149249, -0.000565, -0.000972, 0]
rectification_matrix:
  rows: 3
  cols: 3
  data: [1, 0, 0, 0, 1, 0, 0, 0, 1]
projection_matrix:
  rows: 3
  cols: 4
  data: [2348.257291, 0, 809.568039, 0, 0, 2344.569053, 563.818346, 0, 0, 0, 1, 0]