image_width: 640
image_height: 480
camera_name: camera
camera_matrix:
  rows: 3
  cols: 3
  data: [725.86835222185, 0, 336.298866718108, 0, 727.056256196977, 202.036102948226, 0, 0, 1]
distortion_model: plumb_bob
distortion_coefficients:
  rows: 1
  cols: 5
  data: [0.0731369700263061, -0.0890740559760225, -0.00456055529020665, 0.009238998853741, 0]
rectification_matrix:
  rows: 3
  cols: 3
  data: [1, 0, 0, 0, 1, 0, 0, 0, 1]
projection_matrix:
  rows: 3
  cols: 4
  data: [734.894653320312, 0, 339.841255139745, 0, 0, 739.655883789062, 200.248858751416, 0, 0, 0, 1, 0]



image_width: 640
image_height: 480
camera_name: camera
camera_matrix:
  rows: 3
  cols: 3
Old
  data: [725.86835222185, 0, 336.298866718108, 0, 727.056256196977, 202.036102948226, 0, 0, 1]
New
  data: [637.001750317478, 0, 336.046178239988, 0, 634.032217928593, 272.612025750631, 0, 0, 1]
distortion_model: plumb_bob
distortion_coefficients:
  rows: 1
  cols: 5
Old
  data: [0.0731369700263061, -0.0890740559760225, -0.00456055529020665, 0.009238998853741, 0]
New
  data: [0.126775540463557, -0.221791977187421, 0.0176695579217421, -0.0028431104421036, 0]
rectification_matrix:
  rows: 3
  cols: 3
  data: [1, 0, 0, 0, 1, 0, 0, 0, 1]
projection_matrix:
  rows: 3
  cols: 4
Old
  data: [734.894653320312, 0, 339.841255139745, 0, 0, 739.655883789062, 200.248858751416, 0, 0, 0, 1, 0]
New
  data: [654.347106933594, 0, 334.213905392098, 0, 0, 643.988464355469, 278.611686565375, 0, 0, 0, 1, 0]
