image_width: 640
image_height: 480
camera_name: camera
camera_matrix:
  rows: 3
  cols: 3
  data: [635.570893192843, 0, 317.218647806696, 0, 634.901836604861, 260.963261716196, 0, 0, 1]
distortion_model: plumb_bob
distortion_coefficients:
  rows: 1
  cols: 5
  data: [0.143958938901913, -0.268022542031036, 0.0027834545467593, -0.000951575653528611, 0]
rectification_matrix:
  rows: 3
  cols: 3
  data: [1, 0, 0, 0, 1, 0, 0, 0, 1]
projection_matrix:
  rows: 3
  cols: 4
  data: [647.479064941406, 0, 316.216279197923, 0, 0, 645.788818359375, 261.389368638527, 0, 0, 0, 1, 0]