tf:
  from: /0_link
  pos: [-0.01352517055514526, 0.0037407526238203907, -0.06175720048321785]
  q: [-0.14012231042967727, 0.887625418012172, -0.43416538383309605, 0.06314487231459597]
  stamp: 1345255759.0112674
  tb: [-2.8331272815225006, -0.00957467230673098, -2.233251387656063]
  tb_deg: [-162.3262360546115, -0.5485883133964735, -127.95587910442691]
  to: logitech_red
