pose:
  frame: logitech_white
  pos: [3.778444571111983e-17, 2.7503498610526034e-16, 2.909456529864851e-16]
  q: [7.67988340081285e-17, -2.0999411649864236e-16, -0.7071067811865472, 0.7071067811865474]
  stamp: 1346301589.7639759
  tb: [-1.5707963267948966, -1.8836657494220043e-16, 0.0]
  tb_deg: [-90.0, -1.0792609745522813e-14, 0.0]
tf:
  from: /0_link
  pos: [0.27859715439073424, 0.3902100967557742, 0.26522354710196006]
  q: [0.26272577343595654, 0.8879450046266647, -0.36161684047160103, -0.10845320381790402]
  stamp: 1346301589.7639759
  tb: [2.5651905236430914, -0.002588835822753429, -2.3673413695285346]
  tb_deg: [146.97459065170275, -0.14832936649604955, -135.63866914070525]
  to: logitech_white
