image_width: 640
image_height: 480
camera_name: camera
camera_matrix:
  rows: 3
  cols: 3
  data: [725.86835222185, 0, 336.298866718108, 0, 727.056256196977, 202.036102948226, 0, 0, 1]
distortion_model: plumb_bob
distortion_coefficients:
  rows: 1
  cols: 5
  data: [0.0731369700263061, -0.0890740559760225, -0.00456055529020665, 0.009238998853741, 0]
rectification_matrix:
  rows: 3
  cols: 3
  data: [1, 0, 0, 0, 1, 0, 0, 0, 1]
projection_matrix:
  rows: 3
  cols: 4
  data: [734.894653320312, 0, 339.841255139745, 0, 0, 739.655883789062, 200.248858751416, 0, 0, 0, 1, 0]