image_width: 640
image_height: 480
camera_name: camera
camera_matrix:
  rows: 3
  cols: 3
  data: [637.001750317478, 0, 336.046178239988, 0, 634.032217928593, 272.612025750631, 0, 0, 1]
distortion_model: plumb_bob
distortion_coefficients:
  rows: 1
  cols: 5
  data: [0.126775540463557, -0.221791977187421, 0.0176695579217421, -0.0028431104421036, 0]
rectification_matrix:
  rows: 3
  cols: 3
  data: [1, 0, 0, 0, 1, 0, 0, 0, 1]
projection_matrix:
  rows: 3
  cols: 4
  data: [654.347106933594, 0, 334.213905392098, 0, 0, 643.988464355469, 278.611686565375, 0, 0, 0, 1, 0]